01010111100111011101011000111010111010110000111101
10001101110010011111011010010001001110101011110011
01110101100011100000010001111011000111001100101111
00100001011001011000011111110110100111111000001111
11110010100000111000000011010010111000111010111101
00011101011011001011001111011100010100000111111101
10011100100001011011101000100111110111001101100001
01010000001011111101101010100101010011010101111001
10000000110111001100111101110010101100100101000001
11011101011000111011111111000100101100100010100110
10110001011001001110111111100101101110110101011110
01100111010100000101111111111011100010100000111011
10101011011101011000111001111110100011110100001110
11001111101001010000100111010101111001100101110001
11000101000110111011111001000011111110110001101110
10010100010100110101110000010101000001111001001010
10111000001110000110110011001111100100011101110101
10001110010110110100100000000101110011001111100111
01010111100110011101010000010000111111010011000011
10011011101000101010010111101010101001010100101011
11001111001001010000001111100111011101000101010011
10111010101101110101100011101011111010110001111011
00011100110010111100111100011111010010101010010101
11100111011101011000111011111110011111011000100110
01100010011111011111110110111010110001010000111010
11110011000011101011111000110011010010000011010111
11011010111101110101111110101100010001001110111111
11000100101100100010100110000001000111101100011100
00111001011011010000000011011101011000111011110010
10111110100100000011011101000101010011101111001010
01001101110101100011100000010001111011000111001100
10111100100001101110110100101111111011101000101010
01011110111010111001110001110101101101110101100011
10011000000101110100110011110110101011110011001110
10100000101111111111011100010100000111111101101110
10110001110101111010100100010110000011010111101000
11101001001000100010010000011001101001110001101110
01001111101011101000011000101010011101010111100110
10001001100110101011101011011101000101010010111101
11001010110010010100000111011101011000111010110111
11000001111111101011001110011011111110110011101111
10000111011101010110111010110001110011111101010111
10001010011110011111001011110000111111001111100101
00011101010000010111111111101110001010000011101010
11110011011101010000000110010100111111011010011111
10000011111111001010000011101011001101011101001110
11111110010011001110111010110001110011101010010010
01001010000011110101010010011101010111100110011101
01000001011111111110111001101110100010101001011110
10101010010101010111111010110001110101111111001011
01001111101111110011011110100111010101111001101011
11111010011011101011000100001011011101000011100001
01010101011111110111111100000111111110010100000111
00001011111001011010111000110011011011111010011000
10111010010100000101100101111001011011010011111011
11110011011110100111111101101110010001101001000101
11000110010000010001001111101110111111110100100000
00001010000011100110100100000110011101111100101111
10111110010000100010111101110101110011101100011110
10110001010011010001110101111101100000111011101011
00011100010101100111110101101001111011000101111001
10111110011011101000101010010001110101011110011001
11001100101101110111110010111111100001110101001001
10111010110001110011111010000101110100000010011100
00010010110000111111001000010000100110011110000111
01010111100110011111101100101000001100001110000111
11110110000010110111010110001000010110111010000111
00001110100000011101110101100011101111111001000000
10010100111010111000110101011110011000010111010000
01100111101000111100100001110110100010010111100110
11111010000100010100011110111001010110010010100000
11101110101100011100000101010000011110100001110011
00101111001111101001010011111001010011101000001000
11101010111100110011111010010000000100111010011111
10000011111111001010000011101110101011011101011000
11101000100111110010001001100011100011100011011100
10011111011010010001001110101011110011001111110001
11111011010011111100000100101001000011100110010111
10011101010100101110001011111111000011100001101100
11001111100111010101111100100110111110100100000001
01000001111001101001000001000100111110111010101111
00110111010110001110111110100110001011101001010000
01001011110101010100101010101111110101100011100111
10011101010101111000101001101010111100110101111101
01011011100110010101001010111100111011101011000111
01000100111110010100100000010110111010001010100111
00110111101001111111011000000011011100110110100000
01110101110001000100111110101111011100111100101011
10100101000101001100111001011100001110101110001111
11011000011011110100001111100111111101100110100100
00011011100110011111110111101001100100101000110111
00010001110011011000000100011110110001110011001011
11011110010101010111001111101001000100111101111110
11001110101010011110010010001111111111110111010001
00111110111011101010110111010110001110001101110100
10100011110000001101110010011111011010010000010001
00111110111010100111000101101001110101011110011010
00100111110010100100000010110111010001010100101111
01110010101100100101000001110000110100111010000110
01011110000010010000010000110110111001000011001000
00000111011101010110111100100010010110100101110100
00110010111100000101100100101110000011110000111111
10110000000110111001101100110100101100101101010011
10100001110000111000000010010001011101001000111000
00000101110100000011000101010010111100000000101101
01110001000100111110111010001001110001101110100101
00010100110000100101110111010100100110101011110011
00001101001110100000111100101000111101110101110011
10001110101101101110101100011100100100000010011101
01011110011001100100111010001111001000011101000011
00101111010001001111000101011010111000111101001100
10111000111111101100110010111111011010010010001110
10110000010001110000110001111001110110111010110010
01010111110111101101101101011101011000011110110000
00011011100110000100111100001111111011011111010010
11101010101110100101001000100111110111010001001000
11000111101101101110000111011101011001101110110101
11100010100001110101010010111000111011111010011000
00001011011110110001001011011111110101100101111010
10101001010101011111101011000111001111000101001110
11010101111001100111100101001011100100010100011111
11101000101010010101010010101111001110011011010111
10101001000101100000110101011110011000000100011110
11000111001100101111011101011001000010110111000011
11111011000010010111011111001001000111001010011010
00000111001111101100100011000001101011111010011110
01111011100111100101001011100100010100011111111010
00101010011100110010111111011010010010001110101100
00010001110000101110010001100000111111110101100111
00000001101110011011010001001111010101101111101001
01000010110000000110111111101011001110011101000011
11110110001010011100011011100101110111111011000010
11011110000111110111111001100100000001000100111110
11100001001100100011000111010001011101001110100010
01111100101001000000101101110100010101001110111100
01001010000011100111110100010100100010011111011100
01010100001000101111011100101011001001010000011101
11010110001110011110010100110001111010000101101100
00010110011101011010001001001110101011110011010111
00111010010001011000001101011100110110010011001010
11101010111110111010101100000110100000000101001001
01111000000000011001010011000110010111001000101000
11111111010001010100111000011110011010010000001100
10000000000111111101100111001000101000111111110101
01111010100011001111110110010100110101100110000111
00011011101101001011101110100100000110111010101100
00010010011110110111010110001110011101011001100101
10101100110011111010010001110101011110011001101001
11010001001011100100001011000011000100111110101011
01010011010001001111000101000111010101001100100101
11011100010000011010111101010010001011000000111101
11010111001110001110101101100111100110111110011010
01111011111000001110011101010000010111111111101110
10001001111101110101010011101110101100011101011010
10010010001011111001101010011111110110100100110111
10110111100010010101001111010000010100000111010001
00111000110010111001000101000111111110100010101001
11001111101001010000011000000100111011101010110000
10010111011111001000011101110101100011100000010001
11101100011100110010111100101101101001000000001011
10011001111100111011110010100100110111101001100100
10100011011101000101010010001110111010101100111010
10000010010111101010101001010101011111101011000111
00111100101011101101001011111110111010001010100111
01010111100110101111101001010000010000111111010011
00001110011011101000101010010101010010101100100101
00000111000010000110101011100000111000011000111101
10010110010110001110111010101100001000010110010011
10011111101101010100100100011111110110101101111100
00010110100111001110101000001000011111101001100001
11001101110100010101001110101100110000111001110101
00000100111001101100101110101001111101110101111001
10010100011110111001010111100111011101011000111000
00010001111011000111001100101111001101111010011111
11011010001001000111100110100111101100000100100010
00101101111011000100111110111001100111110111110001
11001110101010011001001011101110110011111001101001
11110101100111001100111001001010000100011101110101
10001110111101010111010111111100111010001001110010
00010110010110111100001110100000001001011110111001
01011001001010000011100010000110101011111111100000
01110111010101101011111110000101011101010110000111
11110110111010110001110010110110100111110111111001
10111101001110101011110011011101011000111010001001
11100010100100100111101100111010101001111010001001
11111000100011101110101011000110111011010010111011
10100111111101100001101100110011111100010011111011
10101101010101111011010111100011100011011100100111
11010000100010001110101011111001000001001010111011
10100100011101000100111011101011000111000000100011
11011000111001100101111001000010110010110000101111
01110101110011100011101011011011101011000111001001
00000010011101010111100110101110110000100111011111
00110010111100100001011001011100011100101001100110
10010000011001101111101111010000100110011110001000
00110010000101100101110001110010100111111011011101
01100011101111111101011111010010000001100100100000
10001110101011110011001110101000001000011111101001
10000111001101110100010101001110011001000011101111
11100110001001111101110011111111110000110110001000
00110001101110100110011101111001111100100111010110
00101001111110110111111101011111110010001001000100
11111011101110101100011100101110001001001110111111
10011110101111000100110011101110101100011100111111
01100101000001100001110011001011110011010010000011
01110101100011100000010001111011000111001100101101
11101010101001010101011111101011000111001010110111
11011101111100100001110101011110011010111111000101
11010110100110100101110101111010101000101010011110
00100011101011110001110000111100110100100000110101
01001110111010110001110011101111100001011111110101
01111001100110110100100110111101100010100011011111
10110111010110001110011111101000010001100011111111
00001011100011101000001000111010101111001101110001
01110101101001101001011101011110101010011000010010
01000011100101110000000110001110010110010001000101
11101110010101100100101000001110000100101011111100
01111000000000010010001011101100010011111011100111
00110010000011101110101011000010000101100100111011
00111010001110100000100011111110110100010011001101
01011101011011101000101010011101000000111001000010
00110110011001111110001001111101110111010110001110
10111101010010001011000001100110000111010111100011
10101110001001101010111101101000111001111011101011
10011100011101011011011101011000111001111101001010
01011100011110000101000110111010001010100111010101
11100110111010110001110010101111001111000101001001
00111101101010111100110101111110101101000100111110
10001111111011000110111010010100010100000000110010
10011010101111111101111111100101110111000011100110
01000011101111111001011101010000011000100111110111
01000100111100010100011101010100110010010111011100
01000001111110110011100100001011011101000100111110
11100110110000100101100000101011001000100011101011
11000111111111101010111100110011011111011101010000
01011011101000101010011100110100100000110001111100
11110010000111010000011001011100101000111101110011
11000100011101011110001110001000011111111011001001
01110001101010100111011101011010000001110101111111
11010111110010010010010101001101000100111101010110
11101011000111011111010011011100010011010101111010
01111111011010101001001110111010110100010011111011
10100000011100111000101001110011010001001101111101
11111011101011000111011110011111011101111100100001
11011111110010101110101001111101000111011101010110
11101011010100001001110101111010110101011000000011
00100001110111010101100000001000010110000010111101
01010100101010101111101001010100101110010111111100
00110001010100101010100101011110011100110110101111
01010010001011000001100000000111110010001001001000
00110111111101010011010101001001000111001101001000
00110101111100100101001010000111111101101110101100
01110011111101010111100010100110101011110011011100
01011101011010011010010111010111101010100110100000
01110111110100100000001100110000110111111101011001
01111011100101011001001010000011101110101100011101
01101111100000111111110101100111011111110011111011
00010011001100010011111010001110101011110011011111
11100010010110010001010011001110101000000001110111
01010110111010110001110000001000101111100110111110
01010100100010011111011101011000110001111011011011
10000111010101111001100110010011101000111100100001
11010000110010111101000100111100010101101011100011
11010011001011100011111110110100111111000001111111
10010100000111010110011010111010011101111111001001
10011101010111110010011001110101010010001111001101
00111101100111010100000101111101101001100010101001
00011101010100111011101011010000001110101111111110
10111110010010010010101001101010111100110000001000
00010111010101011101001010001010001111011100111100
01000111010111100011101001011010111011000111101011
01110001110111010110001110011101010000010111110101
10011011100101000111010000010001110101011110011011
10101100011100000010001111011000111001100101111001
10111101001111111011001011001111011011111000011100
01000011111111010001100111000111011101011000111011
10010001101001000111110010100100000010110111010001
01110100111001111110101110001100111101000011001011
11010101111001101110001011101011010011010010111010
11110101010011001101001000001100111010110011001001
11011001101100111010101111100100000100111011101010
10111100110010000000000111001101101111111010010001
11101101101110001010011011101010000011010010001001
01010111100111101010101001010101011111101011000101
00001110010100101011111011011110110100111100111111
00111100011101011111011101011111000101111100010111
11000011110000101111010100100000001100111100101001
11110101011100000011011011001100100111010000111001
01100111001110101000001011111101000010010000011000
01101001011001010110101001101010111100110100111111
00000111111110010100000111111101100101100111101110
00101000001111111011000010111110110011100010001111
11101100110100100000110010111000100100111011111110
10000101101011100000010111101110010101111111001100
10100101011111011010010010010000011001101001010100
11001100000010111111111111100001111000001001100111
10000111010100100110011000000000001000111010001010
10010110010111100111010101001111000110011110111111
01101111000010010101111011110001000010011101110101
01100101100111101100000100111010111000100110101011
11001111001111