|-99
 |-97
   |-93
     |-87
       |-82
         |-d:weight= 395 ,00000
         |-m:weight= 420 ,00001
       |-s:weight= 820 ,0001
     |-e:weight=1670 ,001
   |-94
     |-88
       |-r:weight= 850 ,0100
       |-83
         |-77
           |-y:weight= 230 ,010100
           |-72
             |-\n:weight= 115 ,0101010
             |-68
               |-F:weight=  55 ,01010110
               |-I:weight=  60 ,01010111
         |-l:weight= 475 ,01011
     |-89
       |-a:weight= 995 ,0110
       |-84
         |-c:weight= 500 ,01110
         |-78
           |-73
             |-69
               |-63
                 |--:weight=  30 ,011110000
                 |-A:weight=  30 ,011110001
               |-64
                 |-E:weight=  30 ,011110010
                 |-59
                   |-q:weight=  15 ,0111100110
                   |-55
                     |-P:weight=   5 ,01111001110
                     |-!:weight=  10 ,01111001111
             |-.:weight= 145 ,0111101
           |-p:weight= 290 ,011111
 |-98
   |-95
     |-90
       |-i:weight=1080 ,1000
       |-n:weight=1145 ,1001
     |-91
       |-o:weight=1145 ,1010
       |-85
         |-h:weight= 570 ,10110
         |-79
           |-74
             |-70
               |-k:weight=  70 ,10111000
               |-65
                 |-x:weight=  35 ,101110010
                 |-W:weight=  40 ,101110011
             |-v:weight= 150 ,1011101
           |-75
             |-w:weight= 155 ,1011110
             |-71
               |-66
                 |-60
                   |-0:weight=  20 ,1011111000
                   |-z:weight=  20 ,1011111001
                 |-61
                   |-56
                     |-C:weight=  10 ,10111110100
                     |-D:weight=  10 ,10111110101
                   |-57
                     |-51
                       |-':weight=   5 ,101111101100
                       |-1:weight=   5 ,101111101101
                     |-52
                       |-5:weight=   5 ,101111101110
                       |-::weight=   5 ,101111101111
               |-67
                 |-T:weight=  45 ,101111110
                 |-62
                   |-58
                     |-53
                       |-G:weight=   5 ,101111111000
                       |-L:weight=   5 ,101111111001
                     |-54
                       |-M:weight=   5 ,101111111010
                       |-N:weight=   5 ,101111111011
                   |-j:weight=  25 ,1011111111
   |-96
     |- :weight=2535 ,110
     |-92
       |-t:weight=1255 ,1110
       |-86
         |-80
           |-f:weight= 345 ,111100
           |-g:weight= 385 ,111101
         |-81
           |-u:weight= 385 ,111110
           |-76
             |-,:weight= 190 ,1111110
             |-b:weight= 195 ,1111111
